0.000000
0.000000
0.000000
0.000000
0.000000
0.000000
0.000000
0.000000
0.000000
0.000000
0.000000
0.000000
0.000000
0.000000
0.000000
0.000000
0.000000
0.000000
0.000000
0.000000
0.000000
0.000000
0.000000
0.000000
0.000000
0.000000
0.000000
0.000000
0.000000
0.000000
0.000000
0.000000
0.000000
0.000000
0.000000
0.000000
0.000000
0.000000
0.000000
0.000000
0.000000
0.000000
0.000000
0.000000
0.000000
0.000000
0.000000
0.000000
0.000000
0.000000
0.000000
0.000000
0.000000
0.000000
0.000000
0.000000
0.000000
0.000000
0.000000
0.000000
0.000000
0.000000
0.000000
0.000000
0.000000
0.000000
0.000000
0.000000
0.000000
0.000000
0.000000
0.000000
0.000000
0.000000
0.000000
0.000000
0.000000
0.000000
0.000000
0.000000
0.000000
0.000000
0.000000
0.000000
0.000000
0.000000
0.000000
0.000000
0.000000
0.000000
0.000000
0.000000
0.000000
0.000000
0.000000
0.000000
0.000000
0.000000
0.000000
0.000000
0.000000
0.000000
0.000000
0.000000
0.000000
0.000000
0.000000
0.000000
0.000000
0.000000
0.000000
0.000000
0.000000
0.000000
0.000000
0.000000
0.000000
0.000000
0.000000
0.000000
0.000000
0.000000
0.000000
0.000000
0.000000
0.000000
0.000000
0.000000
0.200000
0.474510
0.474510
0.474510
0.745098
0.400000
0.000000
0.000000
0.000000
0.000000
0.000000
0.000000
0.000000
0.000000
0.000000
0.000000
0.000000
0.000000
0.000000
0.000000
0.000000
0.000000
0.000000
0.000000
0.266667
0.419608
0.694118
0.945098
0.960784
0.988235
0.988235
0.988235
0.988235
0.898039
0.152941
0.000000
0.000000
0.000000
0.000000
0.000000
0.000000
0.000000
0.000000
0.000000
0.000000
0.000000
0.000000
0.000000
0.196078
0.098039
0.752941
0.886275
0.952941
0.988235
0.988235
0.992157
0.988235
0.988235
0.988235
0.988235
0.988235
0.905882
0.172549
0.000000
0.000000
0.000000
0.000000
0.000000
0.000000
0.000000
0.000000
0.000000
0.000000
0.000000
0.133333
0.784314
0.917647
0.874510
0.988235
0.988235
0.988235
0.988235
0.988235
0.992157
0.988235
0.988235
0.988235
0.988235
0.988235
0.988235
0.364706
0.000000
0.000000
0.000000
0.000000
0.000000
0.000000
0.000000
0.000000
0.000000
0.000000
0.000000
0.419608
0.988235
0.988235
0.988235
0.988235
0.988235
0.988235
0.988235
0.988235
0.992157
0.988235
0.752941
0.725490
0.725490
0.725490
0.368627
0.078431
0.000000
0.000000
0.000000
0.000000
0.000000
0.000000
0.000000
0.000000
0.000000
0.000000
0.000000
0.419608
0.988235
0.988235
0.988235
0.988235
0.988235
0.964706
0.776471
0.776471
0.780392
0.282353
0.027451
0.000000
0.000000
0.000000
0.000000
0.000000
0.000000
0.000000
0.000000
0.000000
0.000000
0.000000
0.000000
0.000000
0.000000
0.000000
0.000000
0.501961
0.988235
0.988235
0.988235
0.843137
0.309804
0.278431
0.000000
0.000000
0.000000
0.000000
0.000000
0.000000
0.000000
0.000000
0.000000
0.000000
0.000000
0.000000
0.000000
0.000000
0.000000
0.000000
0.000000
0.000000
0.000000
0.000000
0.000000
0.886275
0.988235
0.988235
0.988235
0.909804
0.254902
0.000000
0.000000
0.000000
0.000000
0.000000
0.000000
0.000000
0.000000
0.000000
0.000000
0.000000
0.000000
0.000000
0.000000
0.000000
0.000000
0.000000
0.000000
0.000000
0.000000
0.000000
0.000000
0.419608
0.988235
0.988235
0.988235
0.988235
0.921569
0.517647
0.360784
0.301961
0.054902
0.003922
0.000000
0.000000
0.000000
0.000000
0.000000
0.000000
0.000000
0.000000
0.000000
0.000000
0.000000
0.000000
0.000000
0.000000
0.000000
0.000000
0.000000
0.200000
0.933333
0.988235
0.988235
0.988235
0.988235
0.988235
0.988235
0.988235
0.992157
0.545098
0.333333
0.000000
0.000000
0.000000
0.000000
0.000000
0.000000
0.000000
0.000000
0.000000
0.000000
0.000000
0.000000
0.000000
0.000000
0.000000
0.000000
0.000000
0.000000
0.592157
0.992157
0.992157
0.992157
0.992157
0.992157
0.992157
1.000000
0.992157
0.992157
0.403922
0.250980
0.000000
0.000000
0.000000
0.000000
0.000000
0.000000
0.000000
0.000000
0.000000
0.000000
0.000000
0.000000
0.000000
0.000000
0.000000
0.000000
0.149020
0.603922
0.988235
0.988235
0.988235
0.988235
0.988235
0.992157
0.988235
0.988235
0.972549
0.964706
0.466667
0.000000
0.000000
0.000000
0.000000
0.000000
0.000000
0.000000
0.000000
0.000000
0.000000
0.000000
0.000000
0.000000
0.000000
0.000000
0.317647
0.988235
0.909804
0.266667
0.101961
0.407843
0.619608
0.992157
0.988235
0.988235
0.988235
0.988235
0.964706
0.474510
0.000000
0.000000
0.000000
0.000000
0.000000
0.000000
0.000000
0.000000
0.000000
0.000000
0.000000
0.000000
0.000000
0.000000
0.756863
0.988235
0.843137
0.101961
0.000000
0.000000
0.000000
0.152941
0.647059
0.956863
0.988235
0.988235
0.988235
0.964706
0.305882
0.000000
0.000000
0.000000
0.000000
0.000000
0.000000
0.000000
0.000000
0.000000
0.000000
0.000000
0.000000
0.000000
0.835294
0.988235
0.988235
0.847059
0.729412
0.262745
0.262745
0.141176
0.250980
0.639216
0.988235
0.988235
0.988235
0.988235
0.858824
0.329412
0.000000
0.000000
0.000000
0.000000
0.000000
0.000000
0.000000
0.000000
0.000000
0.000000
0.000000
0.000000
0.725490
0.988235
0.988235
0.988235
0.988235
0.988235
0.988235
0.870588
0.976471
0.988235
0.988235
0.988235
0.988235
0.988235
0.988235
0.415686
0.000000
0.000000
0.000000
0.000000
0.000000
0.000000
0.000000
0.000000
0.000000
0.000000
0.000000
0.000000
0.266667
0.870588
0.988235
0.988235
0.988235
0.988235
0.988235
0.992157
0.988235
0.988235
0.988235
0.988235
0.988235
0.988235
0.913725
0.129412
0.000000
0.000000
0.000000
0.000000
0.000000
0.000000
0.000000
0.000000
0.000000
0.000000
0.000000
0.000000
0.000000
0.098039
0.474510
0.952941
0.988235
0.988235
0.988235
0.992157
0.988235
0.988235
0.988235
0.988235
0.988235
0.988235
0.827451
0.000000
0.000000
0.000000
0.000000
0.000000
0.000000
0.000000
0.000000
0.000000
0.000000
0.000000
0.000000
0.000000
0.000000
0.000000
0.000000
0.368627
0.941176
0.984314
0.964706
0.992157
0.988235
0.988235
0.960784
0.988235
0.976471
0.933333
0.345098
0.000000
0.000000
0.000000
0.000000
0.000000
0.000000
0.000000
0.000000
0.000000
0.000000
0.000000
0.000000
0.000000
0.000000
0.000000
0.000000
0.000000
0.050980
0.443137
0.247059
0.470588
0.466667
0.466667
0.219608
0.878431
0.501961
0.000000
0.000000
0.000000
0.000000
0.000000
0.000000
0.000000
0.000000
0.000000
0.000000
0.000000
0.000000
0.000000
0.000000
0.000000
0.000000
0.000000
0.000000
0.000000
0.000000
0.000000
0.000000
0.000000
0.000000
0.000000
0.000000
0.000000
0.000000
0.000000
0.000000
0.000000
0.000000
0.000000
0.000000
0.000000
0.000000
0.000000
0.000000
0.000000
0.000000
0.000000
0.000000
0.000000
0.000000
0.000000
0.000000
0.000000
0.000000
0.000000
0.000000
0.000000
0.000000
0.000000
0.000000
0.000000
0.000000
0.000000
0.000000
0.000000
0.000000
0.000000
0.000000
0.000000
0.000000
0.000000
0.000000
0.000000
0.000000
0.000000
0.000000
0.000000
0.000000
0.000000
0.000000
0.000000
0.000000
0.000000
0.000000
0.000000
0.000000
0.000000
0.000000
0.000000
0.000000
0.000000
0.000000
0.000000
0.000000
0.000000
0.000000
0.000000
0.000000
0.000000
0.000000
0.000000
0.000000
0.000000
0.000000
0.000000
0.000000
0.000000
0.000000
0.000000
0.000000
0.000000
0.000000
0.000000
0.000000
0.000000
0.000000
0.000000
0.000000
0.000000
0.000000
0.000000
0.000000
0.000000
0.000000
0.000000
