0.000000
0.000000
0.000000
0.000000
0.000000
0.000000
0.000000
0.000000
0.000000
0.000000
0.000000
0.000000
0.000000
0.000000
0.000000
0.000000
0.000000
0.000000
0.000000
0.000000
0.000000
0.000000
0.000000
0.000000
0.000000
0.000000
0.000000
0.000000
0.000000
0.000000
0.000000
0.000000
0.000000
0.000000
0.000000
0.000000
0.000000
0.000000
0.000000
0.000000
0.000000
0.000000
0.000000
0.000000
0.000000
0.000000
0.000000
0.000000
0.000000
0.000000
0.000000
0.000000
0.000000
0.000000
0.000000
0.000000
0.000000
0.000000
0.000000
0.000000
0.000000
0.000000
0.000000
0.000000
0.000000
0.000000
0.000000
0.000000
0.000000
0.000000
0.000000
0.000000
0.000000
0.000000
0.000000
0.000000
0.000000
0.000000
0.000000
0.000000
0.000000
0.000000
0.000000
0.000000
0.000000
0.000000
0.000000
0.000000
0.000000
0.000000
0.000000
0.000000
0.000000
0.000000
0.000000
0.000000
0.000000
0.000000
0.000000
0.000000
0.000000
0.000000
0.000000
0.000000
0.000000
0.000000
0.000000
0.000000
0.000000
0.000000
0.000000
0.000000
0.000000
0.000000
0.000000
0.000000
0.000000
0.000000
0.000000
0.000000
0.000000
0.000000
0.000000
0.000000
0.000000
0.000000
0.000000
0.000000
0.000000
0.000000
0.000000
0.000000
0.000000
0.000000
0.000000
0.000000
0.000000
0.000000
0.000000
0.000000
0.000000
0.000000
0.000000
0.000000
0.000000
0.000000
0.000000
0.000000
0.000000
0.000000
0.000000
0.000000
0.000000
0.000000
0.000000
0.000000
0.000000
0.000000
0.000000
0.000000
0.000000
0.000000
0.000000
0.000000
0.000000
0.000000
0.000000
0.000000
0.000000
0.000000
0.000000
0.000000
0.000000
0.000000
0.000000
0.000000
0.000000
0.000000
0.000000
0.000000
0.000000
0.000000
0.000000
0.000000
0.000000
0.000000
0.000000
0.000000
0.000000
0.000000
0.000000
0.000000
0.000000
0.000000
0.000000
0.000000
0.000000
0.000000
0.000000
0.000000
0.000000
0.000000
0.000000
0.000000
0.000000
0.000000
0.000000
0.000000
0.000000
0.000000
0.000000
0.000000
0.000000
0.000000
0.000000
0.000000
0.000000
0.000000
0.000000
0.000000
0.000000
0.000000
0.000000
0.000000
0.000000
0.000000
0.000000
0.000000
0.000000
0.000000
0.000000
0.176471
0.356863
0.356863
0.521569
0.996078
0.996078
0.996078
0.996078
0.996078
0.996078
1.000000
0.996078
0.435294
0.149020
0.000000
0.000000
0.000000
0.000000
0.000000
0.000000
0.000000
0.000000
0.000000
0.000000
0.000000
0.007843
0.066667
0.564706
0.847059
0.992157
0.992157
0.992157
0.992157
0.992157
0.992157
0.992157
0.992157
0.992157
0.992157
0.992157
0.992157
0.827451
0.517647
0.023529
0.000000
0.000000
0.000000
0.000000
0.000000
0.000000
0.000000
0.000000
0.000000
0.337255
0.992157
0.992157
0.992157
0.992157
0.992157
0.882353
0.572549
0.572549
0.572549
0.572549
0.572549
0.572549
0.572549
0.572549
0.666667
0.992157
0.992157
0.349020
0.000000
0.000000
0.000000
0.000000
0.000000
0.000000
0.000000
0.000000
0.278431
0.929412
0.992157
0.992157
0.992157
0.756863
0.219608
0.164706
0.000000
0.000000
0.000000
0.000000
0.000000
0.000000
0.000000
0.000000
0.050980
0.670588
0.992157
0.850980
0.000000
0.000000
0.000000
0.000000
0.000000
0.000000
0.000000
0.000000
0.666667
0.992157
0.992157
0.929412
0.505882
0.082353
0.000000
0.000000
0.000000
0.000000
0.000000
0.000000
0.000000
0.000000
0.000000
0.000000
0.000000
0.298039
0.964706
0.678431
0.000000
0.000000
0.000000
0.000000
0.000000
0.000000
0.000000
0.000000
0.996078
0.992157
0.992157
0.886275
0.196078
0.031373
0.000000
0.000000
0.000000
0.066667
0.196078
0.196078
0.258824
0.835294
0.835294
0.835294
0.647059
0.000000
0.149020
0.054902
0.000000
0.000000
0.000000
0.000000
0.000000
0.000000
0.000000
0.000000
0.996078
0.992157
0.992157
0.992157
0.992157
0.615686
0.545098
0.545098
0.545098
0.690196
0.992157
0.992157
0.992157
0.992157
0.992157
0.992157
0.890196
0.231373
0.000000
0.000000
0.000000
0.000000
0.000000
0.000000
0.000000
0.000000
0.000000
0.000000
0.321569
0.917647
0.992157
0.992157
0.992157
0.992157
0.992157
0.992157
0.992157
0.992157
0.815686
0.733333
0.733333
0.733333
0.941176
0.992157
0.992157
0.415686
0.000000
0.000000
0.000000
0.000000
0.000000
0.000000
0.000000
0.000000
0.000000
0.000000
0.000000
0.274510
0.639216
0.992157
0.992157
0.992157
0.992157
0.992157
0.992157
0.400000
0.121569
0.000000
0.000000
0.000000
0.411765
0.992157
0.992157
0.768627
0.039216
0.000000
0.000000
0.000000
0.000000
0.000000
0.000000
0.000000
0.000000
0.000000
0.000000
0.000000
0.011765
0.027451
0.027451
0.027451
0.027451
0.027451
0.027451
0.003922
0.000000
0.000000
0.000000
0.000000
0.164706
0.992157
0.992157
0.992157
0.058824
0.000000
0.000000
0.000000
0.000000
0.000000
0.000000
0.000000
0.000000
0.000000
0.000000
0.000000
0.000000
0.000000
0.000000
0.000000
0.000000
0.000000
0.000000
0.000000
0.000000
0.000000
0.000000
0.000000
0.156863
0.976471
0.992157
0.992157
0.058824
0.000000
0.000000
0.000000
0.000000
0.000000
0.000000
0.000000
0.000000
0.000000
0.000000
0.000000
0.000000
0.000000
0.000000
0.000000
0.000000
0.000000
0.000000
0.000000
0.000000
0.000000
0.000000
0.000000
0.000000
0.513725
0.992157
0.992157
0.309804
0.000000
0.000000
0.000000
0.000000
0.000000
0.000000
0.000000
0.000000
0.000000
0.000000
0.000000
0.000000
0.000000
0.000000
0.000000
0.000000
0.000000
0.000000
0.000000
0.000000
0.000000
0.000000
0.000000
0.000000
0.513725
0.992157
0.992157
0.701961
0.000000
0.000000
0.000000
0.000000
0.000000
0.000000
0.000000
0.000000
0.000000
0.000000
0.000000
0.000000
0.000000
0.000000
0.000000
0.000000
0.000000
0.000000
0.000000
0.000000
0.000000
0.000000
0.000000
0.000000
0.513725
0.992157
0.992157
0.701961
0.000000
0.000000
0.000000
0.000000
0.000000
0.000000
0.000000
0.000000
0.000000
0.000000
0.000000
0.000000
0.000000
0.000000
0.000000
0.000000
0.000000
0.000000
0.000000
0.000000
0.000000
0.000000
0.000000
0.000000
0.513725
0.992157
0.992157
0.749020
0.058824
0.000000
0.000000
0.000000
0.000000
0.000000
0.000000
0.000000
0.000000
0.000000
0.000000
0.000000
0.000000
0.000000
0.000000
0.000000
0.000000
0.000000
0.000000
0.000000
0.000000
0.000000
0.000000
0.000000
0.513725
0.992157
0.992157
0.992157
0.349020
0.000000
0.000000
0.000000
0.000000
0.000000
0.000000
0.000000
0.000000
0.000000
0.000000
0.000000
0.000000
0.000000
0.000000
0.000000
0.000000
0.000000
0.000000
0.000000
0.000000
0.000000
0.000000
0.000000
0.400000
0.964706
0.992157
0.992157
0.349020
0.000000
0.000000
0.000000
0.000000
0.000000
0.000000
0.000000
0.000000
0.000000
0.000000
0.000000
0.000000
0.000000
0.000000
0.000000
0.000000
0.000000
0.000000
0.000000
0.000000
0.000000
0.000000
0.000000
0.000000
0.870588
0.992157
0.992157
0.349020
0.000000
0.000000
0.000000
0.000000
0.000000
0.000000
0.000000
0.000000
0.000000
0.000000
0.000000
0.000000
0.000000
0.000000
0.000000
0.000000
0.000000
0.000000
0.000000
0.000000
0.000000
0.000000
0.000000
0.000000
0.200000
0.870588
0.717647
0.247059
0.000000
0.000000
0.000000
0.000000
0.000000
0.000000
0.000000
0.000000
0.000000
0.000000
0.000000
0.000000
0.000000
0.000000
0.000000
0.000000
0.000000
0.000000
0.000000
0.000000
0.000000
0.000000
0.000000
0.000000
0.000000
0.203922
0.023529
0.000000
0.000000
0.000000
0.000000
0.000000
0.000000
